solve history
testBoard = [
    [-2, -2, 6, -2, -2, -2, -2],
    [-2, 1, -2, -2, -2, -2, -2],
    [-2, -2, -2, -2, 2, -2, -2],
    [-2, -2, -2, -2, -2, -2, -2],
    [-2, -2, 2, -2, -2, -2, -2],
    [-2, -2, -2, -2, -2, 4, -2],
    [-2, -2, -2, -2, 8, -2, -2],
]

this doesnt work (step 27/44) because the way valid path is calc is incorrect - the unnumbered island prevent a path from forming to 8, so an incorrect path is made
[[[-2, -2, 6, -2, -2, -2, -2], [-2, 1, -2, -2, -2, -2, -2], [-2, -2, -2, -2, 2, -2, -2], [-2, -2, -2, -2, -2, -2, -2], [-2, -2, 2, -2, -2, -2, -2], [-2, -2, -2, -2, -2, 4, -2], [-2, -2, -2, -2, 8, -2, -2]], [[-2, 0, 6, -2, -2, -2, -2], [-2, 1, -2, -2, -2, -2, -2], [-2, -2, -2, -2, 2, -2, -2], [-2, -2, -2, -2, -2, -2, -2], [-2, -2, 2, -2, -2, -2, -2], [-2, -2, -2, -2, -2, 4, -2], [-2, -2, -2, -2, 8, -2, -2]], [[-2, 0, 6, -2, -2, -2, -2], [0, 1, -2, -2, -2, -2, -2], [-2, -2, -2, -2, 2, -2, -2], [-2, -2, -2, -2, -2, -2, -2], [-2, -2, 2, -2, -2, -2, -2], [-2, -2, -2, -2, -2, 4, -2], [-2, -2, -2, -2, 8, -2, -2]], [[-2, 0, 6, -2, -2, -2, -2], [0, 1, 0, -2, -2, -2, -2], [-2, -2, -2, -2, 2, -2, -2], [-2, -2, -2, -2, -2, -2, -2], [-2, -2, 2, -2, -2, -2, -2], [-2, -2, -2, -2, -2, 4, -2], [-2, -2, -2, -2, 8, -2, -2]], [[-2, 0, 6, -1, -2, -2, -2], [0, 1, 0, -2, -2, -2, -2], [-2, -2, -2, -2, 2, -2, -2], [-2, -2, -2, -2, -2, -2, -2], [-2, -2, 2, -2, -2, -2, -2], [-2, -2, -2, -2, -2, 4, -2], [-2, -2, -2, -2, 8, -2, -2]], [[-2, 0, 6, -1, -2, -2, -2], [0, 1, 0, -2, -2, -2, -2], [-2, 0, -2, -2, 2, -2, -2], [-2, -2, -2, -2, -2, -2, -2], [-2, -2, 2, -2, -2, -2, -2], [-2, -2, -2, -2, -2, 4, -2], [-2, -2, -2, -2, 8, -2, -2]], [[-2, 0, 6, -1, -2, -2, -2], [0, 1, 0, -2, -2, -2, -2], [-2, 0, -2, -2, 2, -2, -2], [-2, 0, -2, -2, -2, -2, -2], [-2, -2, 2, -2, -2, -2, -2], [-2, -2, -2, -2, -2, 4, -2], [-2, -2, -2, -2, 8, -2, -2]], [[-2, 0, 6, -1, -2, -2, -2], [0, 1, 0, -2, -2, -2, -2], [-2, 0, -2, -2, 2, -2, -2], [-2, 0, -2, -2, -2, -2, -2], [-2, -2, 2, -2, -2, -2, -2], [-2, -2, -2, -2, 0, 4, -2], [-2, -2, -2, -2, 8, -2, -2]], [[-2, 0, 6, -1, -2, -2, -2], [0, 1, 0, -2, -2, -2, -2], [-2, 0, 0, -2, 2, -2, -2], [-2, 0, -2, -2, -2, -2, -2], [-2, -2, 2, -2, -2, -2, -2], [-2, -2, -2, -2, 0, 4, -2], [-2, -2, -2, -2, 8, -2, -2]], [[-2, 0, 6, -1, -2, -2, -2], [0, 1, 0, -2, -2, -2, -2], [-2, 0, 0, -2, 2, -2, -2], [-2, 0, -1, -2, -2, -2, -2], [-2, -2, 2, -2, -2, -2, -2], [-2, -2, -2, -2, 0, 4, -2], [-2, -2, -2, -2, 8, -2, -2]], [[-2, 0, 6, -1, -2, -2, -2], [0, 1, 0, -2, -2, -2, -2], [-2, 0, 0, -2, 2, -2, -2], [-2, 0, -1, -2, -2, -2, -2], [-2, -2, 2, 0, -2, -2, -2], [-2, -2, -2, -2, 0, 4, -2], [-2, -2, -2, -2, 8, -2, -2]], [[-2, 0, 6, -1, -2, -2, -2], [0, 1, 0, -2, -2, -2, -2], [-2, 0, 0, -2, 2, -2, -2], [-2, 0, -1, 0, -2, -2, -2], [-2, -2, 2, 0, -2, -2, -2], [-2, -2, -2, -2, 0, 4, -2], [-2, -2, -2, -2, 8, -2, -2]], [[-2, 0, 6, -1, -2, -2, -2], [0, 1, 0, -2, -2, -2, -2], [-2, 0, 0, -2, 2, -2, -2], [-2, 0, -1, 0, -2, -2, -2], [-2, 0, 2, 0, -2, -2, -2], [-2, -2, -2, -2, 0, 4, -2], [-2, -2, -2, -2, 8, -2, -2]], [[-2, 0, 6, -1, -2, -2, -2], [0, 1, 0, -2, -2, -2, -2], [-2, 0, 0, -2, 2, -2, -2], [-2, 0, -1, 0, -2, -2, -2], [-2, 0, 2, 0, -2, -2, -2], [-2, -2, 0, -2, 0, 4, -2], [-2, -2, -2, -2, 8, -2, -2]], [[-2, 0, 6, -1, -2, -2, -2], [0, 1, 0, -2, -2, -2, -2], [-2, 0, 0, -2, 2, -2, -2], [-2, 0, -1, 0, -2, -2, -2], [-2, 0, 2, 0, -2, -2, -2], [-2, -2, 0, -2, 0, 4, -2], [-2, -2, -2, -2, 8, 0, -2]], [[-2, 0, 6, -1, -2, -2, -2], [0, 1, 0, -2, -2, -2, -2], [-2, 0, 0, -2, 2, -2, -2], [-2, 0, -1, 0, -2, -2, -2], [-2, 0, 2, 0, -2, -2, -2], [-2, -2, 0, -2, 0, 4, -2], [-2, -2, -2, -1, 8, 0, -2]], [[-2, 0, 6, -1, -2, -2, -2], [0, 1, 0, -2, -2, -2, -2], [-2, 0, 0, -2, 2, -2, -2], [-2, 0, -1, 0, -2, -2, -2], [-2, 0, 2, 0, -2, -2, -2], [-2, -2, 0, -2, 0, 4, -2], [-2, -2, -2, -1, 8, 0, 0]], [[-2, 0, 6, -1, -2, -2, -2], [0, 1, 0, -2, -2, -2, -2], [-2, 0, 0, -2, 2, -2, -2], [-2, 0, -1, 0, -2, -2, -2], [-2, 0, 2, 0, -2, -2, -2], [-2, -2, 0, -2, 0, 4, 0], [-2, -2, -2, -1, 8, 0, 0]], [[-2, 0, 6, -1, -2, -2, -2], [0, 1, 0, -2, -2, -2, -2], [-2, 0, 0, -2, 2, -2, -2], [-2, 0, -1, 0, -2, -2, -2], [-2, 0, 2, 0, -2, -1, -2], [-2, -2, 0, -2, 0, 4, 0], [-2, -2, -2, -1, 8, 0, 0]], [[-2, 0, 6, -1, -2, -2, -2], [0, 1, 0, -2, -2, -2, -2], [-2, 0, 0, -2, 2, -2, -2], [-2, 0, -1, 0, -2, -2, -2], [-2, 0, 2, 0, -2, -1, 0], [-2, -2, 0, -2, 0, 4, 0], [-2, -2, -2, -1, 8, 0, 0]], [[-2, 0, 6, -1, -2, -2, -2], [0, 1, 0, -2, -2, -2, -2], [-2, 0, 0, -2, 2, -2, -2], [-2, 0, -1, 0, -2, -2, 0], [-2, 0, 2, 0, -2, -1, 0], [-2, -2, 0, -2, 0, 4, 0], [-2, -2, -2, -1, 8, 0, 0]], [[0, 0, 6, -1, -2, -2, -2], [0, 1, 0, -2, -2, -2, -2], [-2, 0, 0, -2, 2, -2, -2], [-2, 0, -1, 0, -2, -2, 0], [-2, 0, 2, 0, -2, -1, 0], [-2, -2, 0, -2, 0, 4, 0], [-2, -2, -2, -1, 8, 0, 0]], [[0, 0, 6, -1, -2, -2, -2], [0, 1, 0, -2, -2, -2, -2], [0, 0, 0, -2, 2, -2, -2], [-2, 0, -1, 0, -2, -2, 0], [-2, 0, 2, 0, -2, -1, 0], [-2, -2, 0, -2, 0, 4, 0], [-2, -2, -2, -1, 8, 0, 0]], [[0, 0, 6, -1, -2, -2, -2], [0, 1, 0, -2, -2, -2, -2], [0, 0, 0, -2, 2, -2, -2], [-1, 0, -1, 0, -2, -2, 0], [-2, 0, 2, 0, -2, -1, 0], [-2, -2, 0, -2, 0, 4, 0], [-2, -2, -2, -1, 8, 0, 0]], [[0, 0, 6, -1, -2, -2, -2], [0, 1, 0, -2, -2, -2, -2], [0, 0, 0, -2, 2, -2, -2], [-1, 0, -1, 0, -2, -2, 0], [-1, 0, 2, 0, -2, -1, 0], [-2, -2, 0, -2, 0, 4, 0], [-2, -2, -2, -1, 8, 0, 0]], [[0, 0, 6, -1, -2, -2, -2], [0, 1, 0, -2, -2, -2, -2], [0, 0, 0, -2, 2, -2, -2], [-1, 0, -1, 0, -2, -2, 0], [-1, 0, 2, 0, -2, -1, 0], [-1, -2, 0, -2, 0, 4, 0], [-2, -2, -2, -1, 8, 0, 0]], [[0, 0, 6, -1, -2, -2, -2], [0, 1, 0, -2, -2, -2, -2], [0, 0, 0, -2, 2, -2, 0], [-1, 0, -1, 0, -2, -2, 0], [-1, 0, 2, 0, -2, -1, 0], [-1, -2, 0, -2, 0, 4, 0], [-2, -2, -2, -1, 8, 0, 0]], [[0, 0, 6, -1, -2, -2, -2], [0, 1, 0, -2, -2, -2, -2], [0, 0, 0, -2, 2, -2, 0], [-1, 0, -1, 0, -2, -2, 0], [-1, 0, 2, 0, -2, -1, 0], [-1, -2, 0, -2, 0, 4, 0], [0, -2, -2, -1, 8, 0, 0]], [[0, 0, 6, -1, -2, -2, -2], [0, 1, 0, -2, -2, -2, -2], [0, 0, 0, -2, 2, -2, 0], [-1, 0, -1, 0, -2, -2, 0], [-1, 0, 2, 0, -2, -1, 0], [-1, -1, 0, -2, 0, 4, 0], [0, -2, -2, -1, 8, 0, 0]], [[0, 0, 6, -1, -2, -2, -2], [0, 1, 0, -2, -2, -2, -2], [0, 0, 0, -2, 2, -2, 0], [-1, 0, -1, 0, -2, -2, 0], [-1, 0, 2, 0, -2, -1, 0], [-1, -1, 0, -2, 0, 4, 0], [0, -1, -2, -1, 8, 0, 0]], [[0, 0, 6, -1, -2, -2, -2], [0, 1, 0, -2, -2, -2, -2], [0, 0, 0, -2, 2, -2, 0], [-1, 0, -1, 0, -2, -2, 0], [-1, 0, 2, 0, -2, -1, 0], [-1, -1, 0, -2, 0, 4, 0], [0, -1, -1, -1, 8, 0, 0]], [[0, 0, 6, -1, -2, -2, -2], [0, 1, 0, -2, -2, -2, -2], [0, 0, 0, -2, 2, -2, 0], [-1, 0, -1, 0, -2, -2, 0], [-1, 0, 2, 0, -2, -1, 0], [-1, -1, 0, 0, 0, 4, 0], [0, -1, -1, -1, 8, 0, 0]], [[0, 0, 6, -1, -2, -2, -2], [0, 1, 0, -2, -2, -2, -2], [0, 0, 0, -2, 2, -2, 0], [-1, 0, -1, 0, -2, -2, 0], [-1, 0, 2, 0, -1, -1, 0], [-1, -1, 0, 0, 0, 4, 0], [0, -1, -1, -1, 8, 0, 0]], [[0, 0, 6, -1, -2, -2, -2], [0, 1, 0, -2, -2, -2, -2], [0, 0, 0, -2, 2, -2, 0], [-1, 0, -1, 0, 0, -2, 0], [-1, 0, 2, 0, -1, -1, 0], [-1, -1, 0, 0, 0, 4, 0], [0, -1, -1, -1, 8, 0, 0]], [[0, 0, 6, -1, -2, -2, -2], [0, 1, 0, -2, -2, -2, -2], [0, 0, 0, -2, 2, -2, 0], [-1, 0, -1, 0, 0, -1, 0], [-1, 0, 2, 0, -1, -1, 0], [-1, -1, 0, 0, 0, 4, 0], [0, -1, -1, -1, 8, 0, 0]], [[0, 0, 6, -1, -2, -2, -2], [0, 1, 0, -2, -2, -2, -2], [0, 0, 0, -2, 2, 0, 0], [-1, 0, -1, 0, 0, -1, 0], [-1, 0, 2, 0, -1, -1, 0], [-1, -1, 0, 0, 0, 4, 0], [0, -1, -1, -1, 8, 0, 0]], [[0, 0, 6, -1, -2, -2, -2], [0, 1, 0, -2, -2, -2, -2], [0, 0, 0, 0, 2, 0, 0], [-1, 0, -1, 0, 0, -1, 0], [-1, 0, 2, 0, -1, -1, 0], [-1, -1, 0, 0, 0, 4, 0], [0, -1, -1, -1, 8, 0, 0]], [[0, 0, 6, -1, -2, -2, -2], [0, 1, 0, -2, -1, -2, -2], [0, 0, 0, 0, 2, 0, 0], [-1, 0, -1, 0, 0, -1, 0], [-1, 0, 2, 0, -1, -1, 0], [-1, -1, 0, 0, 0, 4, 0], [0, -1, -1, -1, 8, 0, 0]], [[0, 0, 6, -1, -2, -2, -2], [0, 1, 0, 0, -1, -2, -2], [0, 0, 0, 0, 2, 0, 0], [-1, 0, -1, 0, 0, -1, 0], [-1, 0, 2, 0, -1, -1, 0], [-1, -1, 0, 0, 0, 4, 0], [0, -1, -1, -1, 8, 0, 0]], [[0, 0, 6, -1, -1, -2, -2], [0, 1, 0, 0, -1, -2, -2], [0, 0, 0, 0, 2, 0, 0], [-1, 0, -1, 0, 0, -1, 0], [-1, 0, 2, 0, -1, -1, 0], [-1, -1, 0, 0, 0, 4, 0], [0, -1, -1, -1, 8, 0, 0]], [[0, 0, 6, -1, -1, -2, -2], [0, 1, 0, 0, -1, 0, -2], [0, 0, 0, 0, 2, 0, 0], [-1, 0, -1, 0, 0, -1, 0], [-1, 0, 2, 0, -1, -1, 0], [-1, -1, 0, 0, 0, 4, 0], [0, -1, -1, -1, 8, 0, 0]], [[0, 0, 6, -1, -1, -1, -2], [0, 1, 0, 0, -1, 0, -2], [0, 0, 0, 0, 2, 0, 0], [-1, 0, -1, 0, 0, -1, 0], [-1, 0, 2, 0, -1, -1, 0], [-1, -1, 0, 0, 0, 4, 0], [0, -1, -1, -1, 8, 0, 0]], [[0, 0, 6, -1, -1, -1, 0], [0, 1, 0, 0, -1, 0, -2], [0, 0, 0, 0, 2, 0, 0], [-1, 0, -1, 0, 0, -1, 0], [-1, 0, 2, 0, -1, -1, 0], [-1, -1, 0, 0, 0, 4, 0], [0, -1, -1, -1, 8, 0, 0]], [[0, 0, 6, -1, -1, -1, 0], [0, 1, 0, 0, -1, 0, 0], [0, 0, 0, 0, 2, 0, 0], [-1, 0, -1, 0, 0, -1, 0], [-1, 0, 2, 0, -1, -1, 0], [-1, -1, 0, 0, 0, 4, 0], [0, -1, -1, -1, 8, 0, 0]]]


this stops at step 17 because it runs out of next steps - the check for valid path, being blocked by other islands in the way is not done
[[[-2, -2, 6, -2, -2, -2, -2], [-2, 1, -2, -2, -2, -2, -2], [-2, -2, -2, -2, 2, -2, -2], [-2, -2, -2, -2, -2, -2, -2], [-2, -2, 2, -2, -2, -2, -2], [-2, -2, -2, -2, -2, 4, -2], [-2, -2, -2, -2, 8, -2, -2]], [[-2, 0, 6, -2, -2, -2, -2], [-2, 1, -2, -2, -2, -2, -2], [-2, -2, -2, -2, 2, -2, -2], [-2, -2, -2, -2, -2, -2, -2], [-2, -2, 2, -2, -2, -2, -2], [-2, -2, -2, -2, -2, 4, -2], [-2, -2, -2, -2, 8, -2, -2]], [[-2, 0, 6, -2, -2, -2, -2], [0, 1, -2, -2, -2, -2, -2], [-2, -2, -2, -2, 2, -2, -2], [-2, -2, -2, -2, -2, -2, -2], [-2, -2, 2, -2, -2, -2, -2], [-2, -2, -2, -2, -2, 4, -2], [-2, -2, -2, -2, 8, -2, -2]], [[-2, 0, 6, -2, -2, -2, -2], [0, 1, 0, -2, -2, -2, -2], [-2, -2, -2, -2, 2, -2, -2], [-2, -2, -2, -2, -2, -2, -2], [-2, -2, 2, -2, -2, -2, -2], [-2, -2, -2, -2, -2, 4, -2], [-2, -2, -2, -2, 8, -2, -2]], [[-2, 0, 6, -1, -2, -2, -2], [0, 1, 0, -2, -2, -2, -2], [-2, -2, -2, -2, 2, -2, -2], [-2, -2, -2, -2, -2, -2, -2], [-2, -2, 2, -2, -2, -2, -2], [-2, -2, -2, -2, -2, 4, -2], [-2, -2, -2, -2, 8, -2, -2]], [[-2, 0, 6, -1, -2, -2, -2], [0, 1, 0, -2, -2, -2, -2], [-2, 0, -2, -2, 2, -2, -2], [-2, -2, -2, -2, -2, -2, -2], [-2, -2, 2, -2, -2, -2, -2], [-2, -2, -2, -2, -2, 4, -2], [-2, -2, -2, -2, 8, -2, -2]], [[0, 0, 6, -1, -2, -2, -2], [0, 1, 0, -2, -2, -2, -2], [-2, 0, -2, -2, 2, -2, -2], [-2, -2, -2, -2, -2, -2, -2], [-2, -2, 2, -2, -2, -2, -2], [-2, -2, -2, -2, -2, 4, -2], [-2, -2, -2, -2, 8, -2, -2]], [[0, 0, 6, -1, -2, -2, -2], [0, 1, 0, -2, -2, -2, -2], [0, 0, -2, -2, 2, -2, -2], [-2, -2, -2, -2, -2, -2, -2], [-2, -2, 2, -2, -2, -2, -2], [-2, -2, -2, -2, -2, 4, -2], [-2, -2, -2, -2, 8, -2, -2]], [[0, 0, 6, -1, -2, -2, -2], [0, 1, 0, -2, -2, -2, -2], [0, 0, -2, -2, 2, -2, -2], [-2, -2, -2, -2, -2, -2, -2], [-2, -2, 2, -2, -2, -2, -2], [-2, -2, -2, -2, 0, 4, -2], [-2, -2, -2, -2, 8, -2, -2]], [[0, 0, 6, -1, -2, -2, -2], [0, 1, 0, -2, -2, -2, -2], [0, 0, -2, -2, 2, -2, -2], [-2, -2, -2, -2, -2, -2, -2], [-2, -2, 2, -2, -2, -2, -2], [-2, -2, -2, -2, 0, 4, -2], [-2, -2, -2, -2, 8, 0, -2]], [[0, 0, 6, -1, -2, -2, -2], [0, 1, 0, -2, -2, -2, -2], [0, 0, -2, -2, 2, -2, -2], [-2, -2, -2, -2, -2, -2, -2], [-2, -2, 2, -2, -2, -2, -2], [-2, -2, -2, -2, 0, 4, -2], [-2, -2, -2, -1, 8, 0, -2]], [[0, 0, 6, -1, -2, -2, -2], [0, 1, 0, -2, -2, -2, -2], [0, 0, -2, -2, 2, -2, -2], [-2, -2, -2, -2, -2, -2, -2], [-2, -2, 2, -2, -2, -2, -2], [-2, -2, -2, -2, 0, 4, -2], [-2, -2, -2, -1, 8, 0, 0]], [[0, 0, 6, -1, -2, -2, -2], [0, 1, 0, -2, -2, -2, -2], [0, 0, -2, -2, 2, -2, -2], [-2, -2, -2, -2, -2, -2, -2], [-2, -2, 2, -2, -2, -2, -2], [-2, -2, -2, -2, 0, 4, 0], [-2, -2, -2, -1, 8, 0, 0]], [[0, 0, 6, -1, -2, -2, -2], [0, 1, 0, -2, -2, -2, -2], [0, 0, -2, -2, 2, -2, -2], [-2, -2, -2, -2, -2, -2, -2], [-2, -2, 2, -2, -2, -1, -2], [-2, -2, -2, -2, 0, 4, 0], [-2, -2, -2, -1, 8, 0, 0]], [[0, 0, 6, -1, -2, -2, -2], [0, 1, 0, -2, -2, -2, -2], [0, 0, -2, -2, 2, -2, -2], [-2, -2, -2, -2, -2, -2, -2], [-2, -2, 2, -2, -2, -1, 0], [-2, -2, -2, -2, 0, 4, 0], [-2, -2, -2, -1, 8, 0, 0]], [[0, 0, 6, -1, -2, -2, -2], [0, 1, 0, -2, -2, -2, -2], [0, 0, -2, -2, 2, -2, -2], [-2, -2, -2, -2, -2, -2, 0], [-2, -2, 2, -2, -2, -1, 0], [-2, -2, -2, -2, 0, 4, 0], [-2, -2, -2, -1, 8, 0, 0]], [[0, 0, 6, -1, -2, -2, -2], [0, 1, 0, -2, -2, -2, -2], [0, 0, -2, -2, 2, -2, 0], [-2, -2, -2, -2, -2, -2, 0], [-2, -2, 2, -2, -2, -1, 0], [-2, -2, -2, -2, 0, 4, 0], [-2, -2, -2, -1, 8, 0, 0]]]


can we go through the remaining islands, look at how much more land we need to add, then look at the remaining space available to it? fill what is certain

